10
84
0
39
93
34
26
100
11
33
88
83
0
28
97
75
49
32
69
80
95
100
19
33
85
100
20
26
100
100
87
72
81
55
14
81
79
94
100
90
70
81
66
38
76
87
57
29
29
0
32
26
71
33
72
13
74
35
0
29
21
21
78
76
21
74
29
25
54
26
99
96
70
55
9
71
33
99
88
82
81
38
72
100
99
1
86
53
0
0
86
26
28
100
100
10
27
93
34
1
33
70
73
81
28
100
100
66
10
63
99
34
99
81
56
0
53
89
96
56
27
83
29
33
86
100
80
96
64
17
84
26
70
39
82
16
62
70
86
23
81
98
98
25
98
12
10
12
100
81
98
3
14
15
9
26
53
58
97
93
23
70
26
4
33
33
83
27
0
9
70
26
0
2
88
4
19
71
86
70
92
70
86
66
38
79
85
54
94
46
93
34
70
10
31
57
10
90
99
70
10
95
47
33
10
98
85
48
70
90
99
27
92
10
1
74
34
1
1
1
30
46
0
70
92
26
1
15
70
33
95
81
72
10
10
70
63
1
39
88
77
71
100
96
62
70
32
1
81
60
71
99
86
86
99
99
99
81
78
78
10
10
10
70
33
77
100
10
25
81
69
74
33
85
48
15
45
10
80
96
70
86
82
10
33
71
86
72
88
97
68
70
25
49
25
57
33
41
10
1
1
75
42
98
98
12
10
3
14
15
9
26
0
53
58
97
93
33
23
84
26
4
33
83
27
9
5
0
2
88
4
19
71
61
61
61
71
86
72
88
32
69
10
26
80
95
100
81
19
0
0
85
1
20
70
1
1
26
87
72
81
55
14
81
79
94
40
99
90
99
99
86
86
99
99
26
99
81
78
78
78
77
100
10
25
81
69
74
33
85
48
34
71
86
72
88
14
0
11
33
88
83
28
97
75
49
32
69
80
95
0
19
33
85
86
20
86
86
87
72
81
55
14
81
79
94
40
99
71
86
72
88
90
99
81
66
38
76
87
57
29
100
32
71
 1
72
13
74
35
0
29
21
21
78
76
21
74
29
25
54
99
96
70
55
9
71
1
99
88
82
100
0
38
72
100
99
1
0
53
86
28
3
14
15
9
26
53
58
97
93
23
84
26
4
33
83
27
9
5
0
2
88
4
19
71
86
72
88
71
88
83
28
97
75
49
32
69
80
95
86
19
33
85
86
20
87
72
81
55
14
88
83
28
97
75
49
32
69
80
95
0
1
19
33
85
1
20
1
100
87
72
81
55
14
70
100
10
0
71
72
88